px<-c(8,10,12,14,16,18,20,22,24,26,28,30,32,34,36,38,40,42);
capH<-c(6.22,7.27,9.23,10.5,12.24,13.5,15.45,16.5,17.78,19.72,21,22.73,24,25.95,27,28.95,30.22,31.28);
actH<-c(8.2,10.25,12.3,14.35,16.4,18.45,20.5,22.55,24.6,26.65,28.7,30.75,32.8,34.85,36.9,38.95,41,43.05);
fonH<-c(9,11,13,16,17,20,22,24,27,29,32,33,36,38,40,42,45,47);